Momento;CI;edad;riesgo;departamento
1;100000;60;0;MDEO
1;100001;56;0;PDE
1;100002;67;2;SALTO
1;100003;46;0;PDU
1;100004;85;3;SALTO
1;100005;63;0;PDU
1;100006;20;1;SALTO
1;100007;89;4;SALTO
1;100008;35;0;SALTO
1;100009;33;0;PDU
1;100010;73;1;PDU
1;100011;57;0;MDEO
1;100012;40;4;PDU
1;100013;72;5;TBO
1;100014;46;3;PDU
1;100015;48;0;MDEO
1;100016;36;1;MDEO
1;100017;65;0;TBO
1;100018;70;3;TBO
1;100019;62;0;SALTO
1;100020;51;0;PDU
1;100021;59;0;MDEO
1;100022;76;2;TBO
1;100023;59;0;SALTO
1;100024;65;0;TBO
1;100025;63;0;PDU
1;100026;55;3;SALTO
1;100027;77;5;SALTO
1;100028;36;0;MDEO
1;100029;21;0;PDE
1;100030;48;0;SALTO
1;100031;49;0;MDEO
1;100032;78;5;PDU
1;100033;43;0;SALTO
1;100034;75;1;PDE
1;100035;39;0;PDU
1;100036;40;0;PDU
1;100037;81;2;MDEO
1;100038;79;2;MDEO
1;100039;20;0;MDEO
1;100040;57;0;SALTO
1;100041;70;3;MDEO
1;100042;79;3;PDE
1;100043;40;0;MDEO
1;100044;48;0;SALTO
1;100045;54;0;MDEO
1;100046;25;0;PDE
1;100047;83;1;PDE
1;100048;75;4;MDEO
1;100049;24;0;PDE
1;100050;27;0;SALTO
1;100051;31;1;PDE
1;100052;48;0;SALTO
1;100053;44;0;MDEO
1;100054;35;0;PDU
1;100055;57;0;MDEO
1;100056;23;0;SALTO
1;100057;61;0;PDU
1;100058;85;3;SALTO
1;100059;60;0;TBO
1;100060;70;2;MDEO
1;100061;22;0;PDE
1;100062;71;5;PDE
1;100063;33;0;SALTO
1;100064;25;0;PDE
1;100065;65;0;TBO
1;100066;55;0;TBO
1;100067;33;0;SALTO
1;100068;66;1;PDU
1;100069;18;0;TBO
1;100070;63;0;PDU
1;100071;68;3;TBO
1;100072;87;2;PDE
1;100073;24;0;SALTO
1;100074;87;5;PDE
1;100075;35;0;PDE
1;100076;73;4;SALTO
1;100077;85;1;PDE
1;100078;68;2;PDE
1;100079;30;0;MDEO
1;100080;49;0;TBO
1;100081;71;5;PDU
1;100082;74;2;TBO
1;100083;45;0;TBO
1;100084;42;0;MDEO
1;100085;64;0;TBO
1;100086;60;0;MDEO
1;100087;19;0;PDE
1;100088;48;0;SALTO
1;100089;35;0;TBO
1;100090;47;0;MDEO
1;100091;63;0;PDU
1;100092;61;0;SALTO
1;100093;68;5;PDU
1;100094;19;0;PDU
1;100095;45;0;PDU
1;100096;49;0;SALTO
1;100097;61;0;PDE
1;100098;74;2;MDEO
1;100099;52;0;PDE
1;100100;35;0;MDEO
1;100101;39;0;PDU
1;100102;62;0;TBO
1;100103;29;0;SALTO
1;100104;59;0;SALTO
1;100105;36;0;PDE
1;100106;52;0;PDU
2;100107;35;0;SALTO
2;100108;69;2;PDE
2;100109;57;0;MDEO
2;100110;83;2;PDE
2;100111;33;0;SALTO
2;100112;20;0;PDE
2;100113;33;0;TBO
2;100114;35;0;SALTO
2;100115;26;0;MDEO
2;100116;54;0;SALTO
2;100117;54;0;SALTO
2;100118;43;0;PDE
2;100119;65;0;MDEO
2;100120;21;0;PDU
2;100121;87;1;SALTO
2;100122;29;0;MDEO
2;100123;89;1;TBO
2;100124;21;0;PDE
2;100125;59;0;MDEO
2;100126;88;5;TBO
2;100127;59;0;MDEO
2;100128;52;5;SALTO
2;100129;46;0;PDU
2;100130;58;0;SALTO
2;100131;38;3;PDU
2;100132;73;2;MDEO
2;100133;26;0;MDEO
2;100134;65;0;MDEO
2;100135;56;0;TBO
2;100136;21;5;MDEO
2;100137;68;3;PDU
2;100138;78;3;PDE
2;100139;47;0;MDEO
2;100140;37;0;TBO
2;100141;62;0;SALTO
2;100142;73;5;MDEO
2;100143;45;4;SALTO
2;100144;89;3;TBO
2;100145;31;0;SALTO
2;100146;39;0;PDU
2;100147;19;0;SALTO
2;100148;82;1;SALTO
2;100149;60;0;PDE
2;100150;56;0;MDEO
2;100151;57;0;MDEO
2;100152;49;0;MDEO
2;100153;32;0;TBO
2;100154;69;5;PDU
2;100155;47;0;MDEO
2;100156;57;0;PDU
2;100157;83;3;SALTO
2;100158;44;0;PDU
2;100159;67;3;TBO
2;100160;68;3;PDU
2;100161;69;5;MDEO
2;100162;82;5;MDEO
2;100163;75;5;MDEO
2;100164;46;0;PDE
2;100165;21;0;SALTO
2;100166;69;5;PDE
2;100167;80;4;MDEO
2;100168;71;4;TBO
2;100169;86;4;MDEO
2;100170;75;2;PDE
2;100171;88;3;PDE
2;100172;19;0;PDU
2;100173;66;2;PDE
2;100174;73;2;PDU
2;100175;30;2;PDE
2;100176;40;2;MDEO
2;100177;21;0;PDU
2;100178;41;0;SALTO
2;100179;78;2;MDEO
2;100180;44;4;MDEO
2;100181;75;3;SALTO
2;100182;48;0;SALTO
2;100183;71;3;TBO
2;100184;26;0;PDE
2;100185;20;0;PDE
2;100186;56;0;PDU
2;100187;26;0;MDEO
2;100188;82;2;PDU
2;100189;21;0;PDE
2;100190;39;1;PDU
2;100191;68;4;PDU
2;100192;51;0;SALTO
2;100193;81;1;TBO
2;100194;89;4;TBO
2;100195;56;0;TBO
2;100196;22;0;MDEO
2;100197;29;2;SALTO
2;100198;65;0;PDE
2;100199;65;0;PDU
2;100200;69;1;PDE
2;100201;40;0;TBO
2;100202;71;3;MDEO
2;100203;88;5;PDU
2;100204;37;3;MDEO
2;100205;22;0;PDU
2;100206;26;0;SALTO
2;100207;68;1;PDU
2;100208;40;0;PDE
2;100209;26;0;MDEO
2;100210;80;5;TBO
2;100211;30;0;PDU
2;100212;72;4;TBO
2;100213;31;0;PDU
2;100214;33;0;SALTO
2;100215;55;0;MDEO
2;100216;68;2;SALTO
2;100217;32;0;MDEO
2;100218;18;0;PDU
2;100219;35;0;TBO
2;100220;38;0;MDEO
2;100221;35;0;PDE
2;100222;23;0;TBO
2;100223;29;0;PDE
3;100224;21;0;PDE
3;100225;69;5;SALTO
3;100226;80;2;PDE
3;100227;89;4;TBO
3;100228;69;2;PDU
3;100229;49;0;MDEO
3;100230;42;0;MDEO
3;100231;88;3;SALTO
3;100232;29;0;PDU
3;100233;84;3;PDE
3;100234;23;0;PDU
3;100235;34;0;SALTO
3;100236;39;0;PDE
3;100237;34;0;MDEO
3;100238;77;4;SALTO
3;100239;54;0;TBO
3;100240;82;5;TBO
3;100241;46;0;PDE
3;100242;46;0;TBO
3;100243;71;2;PDU
3;100244;65;0;PDE
3;100245;71;3;MDEO
3;100246;28;0;PDE
3;100247;39;2;SALTO
3;100248;71;3;PDU
3;100249;31;0;SALTO
3;100250;74;4;MDEO
3;100251;47;0;TBO
3;100252;67;1;PDU
3;100253;87;5;PDU
3;100254;56;0;PDE
3;100255;45;0;TBO
3;100256;27;0;SALTO
3;100257;49;4;PDE
3;100258;63;0;MDEO
3;100259;49;0;PDE
3;100260;63;5;SALTO
3;100261;31;0;SALTO
3;100262;30;5;MDEO
3;100263;71;4;SALTO
3;100264;84;5;MDEO
3;100265;47;0;TBO
3;100266;83;2;PDU
3;100267;24;0;MDEO
3;100268;48;0;TBO
3;100269;87;5;MDEO
3;100270;41;0;PDE
3;100271;37;0;PDE
3;100272;50;0;SALTO
3;100273;74;3;TBO
3;100274;59;0;SALTO
3;100275;61;0;PDE
3;100276;54;0;MDEO
3;100277;24;0;SALTO
3;100278;86;3;PDE
3;100279;38;0;MDEO
3;100280;60;0;TBO
3;100281;84;5;SALTO
3;100282;54;0;SALTO
3;100283;53;0;TBO
3;100284;59;5;MDEO
3;100285;77;5;TBO
3;100286;65;0;MDEO
3;100287;74;3;SALTO
3;100288;73;4;SALTO
3;100289;70;2;MDEO
3;100290;77;1;SALTO
3;100291;40;0;SALTO
3;100292;31;0;PDE
3;100293;65;0;PDU
3;100294;80;4;SALTO
3;100295;74;1;MDEO
3;100296;31;4;MDEO
3;100297;72;5;SALTO
3;100298;82;4;SALTO
3;100299;80;5;TBO
3;100300;82;1;TBO
3;100301;73;2;PDU
3;100302;66;1;PDU
3;100303;20;5;MDEO
3;100304;84;2;PDU
3;100305;23;0;TBO
3;100306;54;0;MDEO
3;100307;60;0;MDEO
3;100308;31;0;TBO
3;100309;47;0;PDU
3;100310;85;2;TBO
3;100311;62;0;SALTO
3;100312;67;3;SALTO
3;100313;42;0;PDU
3;100314;76;3;PDE
3;100315;75;4;MDEO
3;100316;33;0;PDE
3;100317;76;5;PDE
3;100318;24;0;MDEO
3;100319;37;2;PDE
3;100320;55;0;PDU
3;100321;53;0;SALTO
3;100322;38;0;PDE
3;100323;23;0;PDU
3;100324;60;0;TBO
3;100325;51;0;PDU
3;100326;22;0;PDE
3;100327;30;0;PDE
3;100328;62;0;SALTO
3;100329;27;0;TBO
3;100330;68;1;PDU
3;100331;27;5;PDU
3;100332;76;3;PDU
3;100333;29;0;SALTO
3;100334;60;0;SALTO
3;100335;64;0;PDU
3;100336;83;1;PDE
3;100337;63;0;MDEO
3;100338;61;0;TBO
3;100339;70;5;TBO
3;100340;27;0;PDE
3;100341;34;0;PDU
3;100342;69;5;MDEO
3;100343;60;0;TBO
3;100344;70;3;PDU
3;100345;72;1;TBO
3;100346;53;0;TBO
3;100347;72;4;PDU
3;100348;67;1;PDE
3;100349;59;5;PDU
3;100350;73;2;TBO
3;100351;84;2;TBO
3;100352;59;2;SALTO
3;100353;53;0;MDEO
3;100354;23;3;PDE
3;100355;86;1;PDE
3;100356;19;0;SALTO
3;100357;88;1;SALTO
3;100358;46;0;MDEO
3;100359;48;0;MDEO
3;100360;53;0;PDE
3;100361;51;0;MDEO
3;100362;41;0;TBO
3;100363;76;5;MDEO
3;100364;78;1;PDU
3;100365;74;2;PDE
3;100366;67;5;PDU
3;100367;82;3;PDU
3;100368;69;1;MDEO
3;100369;43;0;PDE
3;100370;26;0;MDEO
3;100371;71;3;PDU
3;100372;31;2;SALTO
3;100373;39;0;PDE
3;100374;43;0;PDE
3;100375;81;3;PDU
3;100376;38;0;TBO
3;100377;77;4;TBO
3;100378;44;0;PDU
3;100379;47;0;TBO
3;100380;22;0;MDEO
3;100381;81;3;TBO
3;100382;79;1;SALTO
3;100383;37;0;TBO
3;100384;67;1;MDEO
3;100385;28;0;SALTO
3;100386;45;0;PDU
3;100387;20;0;SALTO
3;100388;76;4;SALTO
3;100389;57;0;SALTO
3;100390;71;4;MDEO
3;100391;55;3;MDEO
3;100392;37;0;TBO
3;100393;76;3;TBO
3;100394;19;0;PDU
3;100395;51;0;TBO
3;100396;71;3;PDU
3;100397;55;0;PDU
3;100398;38;0;PDE
3;100399;19;0;MDEO
3;100400;77;3;SALTO
3;100401;19;0;MDEO
3;100402;31;0;PDE
3;100403;72;3;TBO
3;100404;84;4;TBO
3;100405;21;0;TBO
3;100406;39;0;MDEO
3;100407;60;0;PDE
3;100408;73;5;PDU
3;100409;23;0;PDU
3;100410;56;2;PDE
3;100411;43;0;SALTO
3;100412;64;0;MDEO
3;100413;51;0;PDU
3;100414;19;0;MDEO
3;100415;78;4;MDEO
3;100416;56;0;PDU
3;100417;36;0;PDU
3;100418;34;0;PDE
3;100419;63;0;PDU
3;100420;44;0;MDEO
3;100421;87;3;MDEO
3;100422;58;0;PDE
3;100423;22;0;PDU
3;100424;38;0;PDU
3;100425;19;0;SALTO
3;100426;45;0;PDU
3;100427;54;0;SALTO
3;100428;56;0;MDEO
3;100429;89;5;MDEO
3;100430;75;1;TBO
3;100431;36;0;PDE
3;100432;52;0;PDE
3;100433;29;0;PDU
3;100434;30;0;TBO
3;100435;23;3;PDU
3;100436;54;0;SALTO
3;100437;75;4;MDEO
3;100438;74;3;PDU
3;100439;70;2;PDU
3;100440;46;2;MDEO
3;100441;75;2;TBO
3;100442;56;0;TBO
3;100443;30;0;PDU
3;100444;82;5;TBO
3;100445;53;0;PDU
3;100446;40;0;MDEO
3;100447;23;0;MDEO
3;100448;53;0;MDEO
3;100449;75;2;MDEO
3;100450;65;0;SALTO
3;100451;58;0;PDE
3;100452;82;3;SALTO
3;100453;50;0;SALTO
3;100454;28;0;MDEO
3;100455;37;0;SALTO
3;100456;44;0;SALTO
3;100457;61;0;MDEO
3;100458;83;4;TBO
4;100459;79;1;SALTO
4;100460;43;0;SALTO
4;100461;59;0;PDE
4;100462;29;0;TBO
4;100463;81;5;MDEO
4;100464;44;0;TBO
4;100465;61;2;PDU
4;100466;84;3;PDU
4;100467;49;0;SALTO
4;100468;45;0;MDEO
4;100469;87;2;TBO
4;100470;62;0;PDU
4;100471;41;0;PDE
4;100472;79;1;MDEO
4;100473;67;1;PDE
4;100474;21;0;TBO
4;100475;19;0;PDU
4;100476;88;3;SALTO
4;100477;44;2;MDEO
4;100478;79;2;SALTO
4;100479;40;0;PDU
4;100480;73;5;MDEO
4;100481;20;1;PDU
4;100482;50;0;MDEO
4;100483;62;3;MDEO
4;100484;85;3;MDEO
4;100485;37;0;PDU
4;100486;31;0;PDU
4;100487;54;0;TBO
4;100488;20;0;TBO
4;100489;24;0;PDU
4;100490;59;0;PDU
4;100491;34;0;PDE
4;100492;44;0;TBO
4;100493;22;0;MDEO
4;100494;26;0;PDU
4;100495;42;0;PDU
4;100496;47;0;MDEO
4;100497;87;5;TBO
4;100498;37;0;MDEO
4;100499;21;0;PDU
4;100500;57;0;TBO
4;100501;29;0;SALTO
4;100502;27;0;PDE
4;100503;64;0;TBO
4;100504;51;0;PDU
4;100505;62;0;TBO
4;100506;80;4;MDEO
4;100507;55;4;MDEO
4;100508;23;0;MDEO
4;100509;81;3;PDE
4;100510;57;0;PDU
4;100511;54;0;PDU
4;100512;30;0;SALTO
4;100513;36;3;PDE
4;100514;89;3;SALTO
4;100515;62;0;PDU
4;100516;65;0;SALTO
4;100517;70;5;MDEO
4;100518;58;0;MDEO
4;100519;47;0;SALTO
4;100520;65;0;TBO
4;100521;64;0;PDE
4;100522;33;0;PDU
4;100523;57;0;MDEO
4;100524;43;0;SALTO
4;100525;85;1;PDU
4;100526;47;0;PDU
4;100527;41;0;PDU
4;100528;41;5;PDU
4;100529;45;4;PDU
4;100530;57;0;TBO
4;100531;67;3;TBO
4;100532;61;0;PDU
4;100533;69;3;SALTO
4;100534;51;0;PDU
4;100535;44;0;PDU
4;100536;48;0;TBO
4;100537;46;0;PDE
4;100538;53;0;MDEO
4;100539;35;0;SALTO
4;100540;68;1;TBO
4;100541;43;0;MDEO
4;100542;25;0;TBO
4;100543;57;0;TBO
4;100544;81;1;TBO
4;100545;50;0;TBO
4;100546;49;0;MDEO
4;100547;62;0;SALTO
4;100548;22;0;TBO
4;100549;55;0;PDU
4;100550;41;0;PDU
4;100551;42;2;MDEO
4;100552;27;0;SALTO
4;100553;74;3;PDU
4;100554;54;0;MDEO
4;100555;72;1;PDU
4;100556;26;0;TBO
4;100557;45;0;SALTO
4;100558;42;0;SALTO
4;100559;85;3;SALTO
4;100560;55;0;PDU
4;100561;46;0;PDE
4;100562;75;1;PDE
4;100563;84;4;PDE
4;100564;24;3;TBO
4;100565;25;3;TBO
4;100566;61;0;MDEO
4;100567;83;5;SALTO
4;100568;40;0;SALTO
4;100569;64;0;PDE
4;100570;48;0;TBO
4;100571;51;0;SALTO
4;100572;71;4;SALTO
4;100573;49;0;PDE
4;100574;56;0;SALTO
4;100575;43;0;PDU
4;100576;72;1;SALTO
4;100577;22;0;MDEO
4;100578;18;0;PDE
4;100579;25;0;SALTO
4;100580;73;5;PDU
4;100581;88;4;TBO
4;100582;83;4;MDEO
4;100583;73;3;SALTO
4;100584;20;0;PDE
4;100585;26;0;PDE
4;100586;88;2;TBO
4;100587;60;1;SALTO
4;100588;31;0;PDU
4;100589;49;0;PDU
4;100590;52;5;PDE
4;100591;67;2;PDE
4;100592;38;0;PDU
4;100593;55;0;SALTO
4;100594;53;0;PDU
4;100595;28;0;PDU
4;100596;34;0;SALTO
4;100597;37;0;MDEO
4;100598;79;2;PDE
4;100599;84;4;SALTO
4;100600;84;2;PDE
4;100601;88;2;PDE
4;100602;33;0;TBO
4;100603;29;0;PDU
4;100604;24;0;SALTO
4;100605;38;0;PDU
4;100606;54;0;SALTO
4;100607;60;0;PDE
4;100608;55;0;TBO
4;100609;19;0;SALTO
4;100610;74;1;PDU
4;100611;75;3;MDEO
4;100612;48;0;PDU
4;100613;32;3;SALTO
4;100614;86;2;PDE
4;100615;55;0;MDEO
4;100616;42;0;TBO
4;100617;79;3;PDU
4;100618;62;0;TBO
4;100619;33;0;MDEO
4;100620;58;0;SALTO
4;100621;35;0;TBO
4;100622;71;4;MDEO
4;100623;34;0;SALTO
4;100624;58;1;PDE
4;100625;19;0;MDEO
4;100626;60;0;MDEO
5;100627;49;0;TBO
5;100628;34;0;TBO
5;100629;83;1;SALTO
5;100630;78;2;PDU
5;100631;34;0;SALTO
5;100632;83;5;TBO
5;100633;29;0;PDU
5;100634;48;0;MDEO
5;100635;88;3;PDE
5;100636;22;0;SALTO
5;100637;60;0;SALTO
5;100638;32;0;MDEO
5;100639;81;3;MDEO
5;100640;77;5;MDEO
5;100641;25;0;MDEO
5;100642;32;0;PDE
5;100643;23;0;MDEO
5;100644;67;3;TBO
5;100645;80;5;TBO
5;100646;59;0;TBO
5;100647;38;0;PDU
5;100648;26;0;PDE
5;100649;39;0;PDU
5;100650;23;3;SALTO
5;100651;44;0;MDEO
5;100652;74;2;TBO
5;100653;54;0;TBO
5;100654;53;0;MDEO
5;100655;89;2;PDE
5;100656;83;1;MDEO
5;100657;52;0;PDE
5;100658;53;0;TBO
5;100659;20;0;MDEO
5;100660;24;3;MDEO
5;100661;88;2;MDEO
5;100662;49;4;PDU
5;100663;64;0;MDEO
5;100664;34;0;TBO
5;100665;72;4;PDE
5;100666;67;4;SALTO
5;100667;19;0;PDU
5;100668;84;4;MDEO
5;100669;89;2;PDU
5;100670;66;1;MDEO
5;100671;71;2;SALTO
5;100672;64;0;PDE
5;100673;30;0;MDEO
5;100674;30;0;PDE
5;100675;35;0;SALTO
5;100676;21;0;SALTO
5;100677;28;2;PDE
5;100678;29;0;PDU
5;100679;89;4;MDEO
5;100680;46;0;PDE
5;100681;51;0;PDU
5;100682;47;0;PDE
5;100683;70;3;PDU
5;100684;23;4;MDEO
5;100685;67;3;TBO
5;100686;80;1;PDE
5;100687;88;1;TBO
5;100688;56;0;TBO
5;100689;75;3;MDEO
5;100690;35;0;PDU
5;100691;80;3;PDU
5;100692;81;3;PDE
5;100693;56;0;PDE
5;100694;46;0;PDE
5;100695;64;0;TBO
5;100696;79;4;PDE
5;100697;72;1;SALTO
5;100698;25;0;SALTO
5;100699;70;2;PDE
5;100700;25;0;PDE
5;100701;45;0;PDU
5;100702;77;3;PDE
5;100703;35;0;PDU
5;100704;89;1;PDU
5;100705;78;3;PDU
5;100706;43;2;PDE
5;100707;87;5;PDU
5;100708;63;0;TBO
5;100709;72;5;TBO
5;100710;75;4;TBO
5;100711;39;0;SALTO
5;100712;28;0;SALTO
5;100713;19;0;SALTO
5;100714;77;1;PDE
5;100715;78;5;SALTO
5;100716;55;0;TBO
5;100717;58;3;MDEO
5;100718;39;0;SALTO
5;100719;78;1;TBO
5;100720;26;0;MDEO
5;100721;59;0;PDU
5;100722;36;0;TBO
5;100723;38;0;TBO
5;100724;54;0;SALTO
5;100725;87;2;SALTO
5;100726;40;0;MDEO
5;100727;70;1;PDE
5;100728;24;0;MDEO
5;100729;55;0;PDU
5;100730;40;1;PDE
5;100731;31;0;PDE
5;100732;31;0;PDU
5;100733;38;0;SALTO
5;100734;56;3;TBO
5;100735;50;0;TBO
5;100736;83;2;SALTO
5;100737;61;0;MDEO
5;100738;31;0;MDEO
5;100739;22;0;MDEO
5;100740;52;0;PDE
5;100741;76;1;SALTO
5;100742;26;0;SALTO
5;100743;38;4;TBO
5;100744;33;0;PDE
5;100745;48;4;TBO
5;100746;48;0;PDU
5;100747;20;0;MDEO
5;100748;79;2;PDU
5;100749;86;4;SALTO
5;100750;68;3;PDE
5;100751;71;3;PDU
5;100752;25;0;TBO
5;100753;48;0;PDE
5;100754;84;2;PDU
5;100755;19;5;PDE
5;100756;78;3;TBO
5;100757;45;0;TBO
5;100758;82;2;TBO
5;100759;29;0;TBO
5;100760;19;0;PDU
5;100761;42;0;SALTO
5;100762;67;3;PDU
5;100763;78;2;SALTO
5;100764;88;5;MDEO
5;100765;27;0;MDEO
5;100766;62;0;TBO
5;100767;25;0;MDEO
5;100768;65;1;TBO
5;100769;23;0;TBO
5;100770;77;3;PDU
5;100771;31;0;PDE
5;100772;25;0;SALTO
5;100773;81;5;PDU
5;100774;50;0;SALTO
5;100775;69;4;SALTO
5;100776;40;0;MDEO
5;100777;56;1;PDE
5;100778;65;0;MDEO
5;100779;19;0;MDEO
5;100780;73;5;TBO
5;100781;55;0;TBO
5;100782;31;0;PDU
5;100783;64;0;PDU
5;100784;30;0;MDEO
5;100785;65;1;SALTO
5;100786;44;0;SALTO
5;100787;89;5;TBO
5;100788;56;0;MDEO
5;100789;28;0;MDEO
5;100790;54;0;PDE
5;100791;44;0;SALTO
5;100792;74;1;MDEO
5;100793;68;5;SALTO
5;100794;80;1;TBO
5;100795;29;0;MDEO
5;100796;65;0;TBO
5;100797;37;0;PDU
5;100798;57;0;SALTO
5;100799;72;5;PDE
5;100800;73;2;TBO
5;100801;69;3;MDEO
5;100802;68;1;PDE
5;100803;45;0;TBO
5;100804;29;0;TBO
5;100805;46;5;MDEO
5;100806;81;5;PDE
5;100807;82;3;PDE
5;100808;70;3;TBO
5;100809;59;0;PDU
5;100810;19;0;TBO
5;100811;21;0;TBO
5;100812;77;5;MDEO
5;100813;54;0;PDU
5;100814;83;3;PDE
5;100815;70;5;PDU
5;100816;56;0;TBO
5;100817;19;0;PDE
5;100818;73;3;PDU
5;100819;44;0;MDEO
5;100820;57;0;MDEO
5;100821;53;0;SALTO
5;100822;25;0;PDE
5;100823;73;5;PDE
5;100824;25;0;PDU
5;100825;38;0;TBO
5;100826;21;0;SALTO
5;100827;70;2;MDEO
5;100828;69;1;PDE
5;100829;61;0;SALTO
5;100830;79;3;TBO
5;100831;60;0;MDEO
5;100832;82;5;SALTO
5;100833;25;0;TBO
5;100834;54;0;TBO
5;100835;23;0;MDEO
