Momento;CI;edad;riesgo
1;1000000;66;4
1;1000001;64;0
1;1000002;32;0
1;1000003;64;3
1;1000004;58;0
1;1000005;69;2
1;1000006;54;0
1;1000007;47;0
1;1000008;26;0
1;1000009;61;0
1;1000010;42;0
1;1000011;50;0
1;1000012;32;0
1;1000013;75;2
1;1000014;40;0
1;1000015;31;0
1;1000016;18;0
1;1000017;73;5
1;1000018;29;0
1;1000019;84;1
1;1000020;30;5
1;1000021;82;5
1;1000022;86;5
1;1000023;59;0
1;1000024;88;5
1;1000025;81;3
1;1000026;63;0
1;1000027;43;0
1;1000028;85;3
1;1000029;63;0
1;1000030;37;0
1;1000031;66;4
1;1000032;73;2
1;1000033;44;0
1;1000034;27;0
1;1000035;79;1
1;1000036;62;0
1;1000037;21;0
1;1000038;85;3
1;1000039;81;2
1;1000040;45;0
1;1000041;83;3
1;1000042;77;4
1;1000043;79;4
1;1000044;39;0
1;1000045;56;0
1;1000046;35;0
1;1000047;55;0
1;1000048;43;0
1;1000049;82;5
1;1000050;66;1
1;1000051;66;3
1;1000052;58;0
1;1000053;87;4
1;1000054;45;0
1;1000055;88;3
1;1000056;61;0
1;1000057;72;2
1;1000058;65;0
1;1000059;42;0
1;1000060;29;0
1;1000061;29;0
1;1000062;45;0
1;1000063;32;0
1;1000064;21;0
1;1000065;72;4
1;1000066;67;3
1;1000067;25;0
1;1000068;26;0
1;1000069;43;0
1;1000070;27;0
1;1000071;52;2
1;1000072;19;0
1;1000073;45;1
1;1000074;58;0
1;1000075;40;2
1;1000076;39;0
1;1000077;29;2
1;1000078;33;0
1;1000079;21;0
1;1000080;61;0
1;1000081;67;3
1;1000082;35;4
1;1000083;69;1
1;1000084;59;0
1;1000085;55;0
1;1000086;61;0
1;1000087;64;0
1;1000088;31;0
1;1000089;35;0
1;1000090;46;1
1;1000091;19;0
1;1000092;84;5
1;1000093;73;1
1;1000094;48;0
1;1000095;77;3
1;1000096;30;4
1;1000097;75;1
1;1000098;64;2
1;1000099;84;5
1;1000100;64;0
1;1000101;45;1
1;1000102;63;0
1;1000103;73;2
1;1000104;33;0
1;1000105;33;0
1;1000106;29;0
1;1000107;22;0
1;1000108;82;4
1;1000109;73;1
1;1000110;69;5
1;1000111;81;3
1;1000112;38;0
1;1000113;77;4
1;1000114;87;3
1;1000115;52;1
1;1000116;57;0
1;1000117;45;0
1;1000118;62;0
1;1000119;52;2
1;1000120;23;0
1;1000121;89;1
1;1000122;78;2
1;1000123;74;2
1;1000124;85;2
1;1000125;61;0
1;1000126;52;0
1;1000127;80;1
1;1000128;68;1
1;1000129;45;0
1;1000130;37;0
1;1000131;37;0
1;1000132;21;0
1;1000133;24;0
1;1000134;79;2
1;1000135;28;0
1;1000136;36;0
1;1000137;69;3
1;1000138;46;0
1;1000139;21;0
1;1000140;19;0
1;1000141;32;0
1;1000142;42;5
1;1000143;74;2
1;1000144;79;4
1;1000145;60;2
1;1000146;38;4
1;1000147;41;0
1;1000148;19;0
1;1000149;75;1
1;1000150;44;1
1;1000151;29;0
1;1000152;66;4
1;1000153;84;2
1;1000154;42;0
1;1000155;67;3
1;1000156;62;0
1;1000157;37;0
1;1000158;20;0
1;1000159;24;0
1;1000160;78;2
1;1000161;75;3
1;1000162;39;0
1;1000163;83;4
1;1000164;86;4
1;1000165;20;0
1;1000166;56;0
1;1000167;20;0
1;1000168;78;1
1;1000169;67;1
1;1000170;25;0
1;1000171;58;5
1;1000172;59;0
1;1000173;63;0
1;1000174;44;0
1;1000175;82;3
1;1000176;65;0
1;1000177;45;0
1;1000178;34;0
1;1000179;39;0
1;1000180;64;0
1;1000181;56;0
1;1000182;48;0
1;1000183;83;5
1;1000184;41;3
1;1000185;70;5
1;1000186;42;0
1;1000187;29;1
1;1000188;43;5
1;1000189;46;0
1;1000190;55;0
1;1000191;37;0
1;1000192;43;0
1;1000193;23;0
1;1000194;75;1
1;1000195;34;0
1;1000196;64;0
1;1000197;39;0
1;1000198;19;0
1;1000199;44;0
1;1000200;52;0
2;1000201;42;2
2;1000202;25;0
2;1000203;89;3
2;1000204;34;3
2;1000205;18;0
2;1000206;44;4
2;1000207;70;2
2;1000208;64;3
2;1000209;59;0
2;1000210;87;3
2;1000211;57;0
2;1000212;61;0
2;1000213;36;0
2;1000214;37;0
2;1000215;79;4
2;1000216;81;3
2;1000217;35;0
2;1000218;65;1
2;1000219;60;0
2;1000220;26;5
2;1000221;75;1
2;1000222;59;0
2;1000223;57;0
2;1000224;62;0
2;1000225;61;0
2;1000226;39;0
2;1000227;61;0
2;1000228;78;5
2;1000229;77;3
2;1000230;50;0
2;1000231;55;0
2;1000232;73;4
2;1000233;41;0
2;1000234;44;0
2;1000235;21;0
2;1000236;35;0
2;1000237;40;0
2;1000238;55;0
2;1000239;38;4
2;1000240;36;0
2;1000241;76;4
2;1000242;69;3
2;1000243;83;3
2;1000244;70;5
2;1000245;39;0
2;1000246;56;0
2;1000247;18;0
2;1000248;69;5
2;1000249;88;5
2;1000250;89;1
2;1000251;46;0
2;1000252;44;0
2;1000253;73;5
2;1000254;18;1
2;1000255;26;0
2;1000256;85;4
2;1000257;86;1
2;1000258;44;0
2;1000259;59;0
2;1000260;23;4
2;1000261;56;0
2;1000262;27;2
2;1000263;55;0
2;1000264;85;3
2;1000265;56;0
2;1000266;25;0
2;1000267;86;5
2;1000268;36;0
2;1000269;81;1
2;1000270;36;3
2;1000271;34;0
2;1000272;70;2
2;1000273;22;0
2;1000274;75;2
2;1000275;53;4
2;1000276;85;2
2;1000277;19;0
2;1000278;25;0
2;1000279;86;1
2;1000280;43;0
2;1000281;86;2
2;1000282;34;0
2;1000283;70;4
2;1000284;74;5
2;1000285;33;0
2;1000286;69;5
2;1000287;70;1
2;1000288;31;0
2;1000289;39;0
2;1000290;51;0
2;1000291;50;0
2;1000292;88;3
2;1000293;80;5
2;1000294;41;2
2;1000295;44;0
2;1000296;71;3
2;1000297;80;2
2;1000298;59;4
2;1000299;56;0
2;1000300;18;0
2;1000301;68;3
2;1000302;64;0
2;1000303;45;0
2;1000304;83;4
2;1000305;24;0
2;1000306;75;4
2;1000307;74;4
2;1000308;67;3
2;1000309;80;1
2;1000310;86;5
2;1000311;30;0
2;1000312;83;5
2;1000313;54;1
2;1000314;66;1
2;1000315;51;0
2;1000316;28;0
2;1000317;59;0
2;1000318;62;0
2;1000319;63;0
2;1000320;81;3
2;1000321;56;4
2;1000322;75;3
2;1000323;89;2
2;1000324;50;1
2;1000325;67;1
2;1000326;88;3
2;1000327;33;0
2;1000328;39;0
2;1000329;44;0
2;1000330;26;0
2;1000331;70;1
2;1000332;39;0
2;1000333;62;2
2;1000334;64;3
2;1000335;40;0
2;1000336;20;4
2;1000337;81;4
2;1000338;41;0
2;1000339;74;2
2;1000340;26;0
2;1000341;26;4
2;1000342;30;0
2;1000343;47;2
2;1000344;30;4
2;1000345;73;2
2;1000346;66;3
2;1000347;83;1
2;1000348;27;0
2;1000349;33;3
2;1000350;53;0
2;1000351;67;1
2;1000352;82;1
2;1000353;70;3
2;1000354;55;0
2;1000355;40;0
2;1000356;32;0
2;1000357;79;4
2;1000358;39;0
2;1000359;18;0
2;1000360;36;5
2;1000361;35;0
2;1000362;61;1
2;1000363;60;0
2;1000364;55;0
2;1000365;38;5
2;1000366;40;0
2;1000367;33;0
2;1000368;68;5
2;1000369;67;1
2;1000370;18;2
2;1000371;83;4
2;1000372;19;0
2;1000373;62;0
2;1000374;18;5
2;1000375;82;3
2;1000376;25;5
2;1000377;52;0
2;1000378;24;1
2;1000379;63;0
2;1000380;19;0
2;1000381;41;0
2;1000382;80;3
2;1000383;74;3
2;1000384;50;0
2;1000385;71;1
2;1000386;88;1
2;1000387;77;1
2;1000388;37;0
2;1000389;75;4
2;1000390;44;0
2;1000391;50;0
2;1000392;84;4
2;1000393;85;5
2;1000394;73;5
2;1000395;87;1
2;1000396;56;0
2;1000397;21;0
2;1000398;75;3
2;1000399;37;0
2;1000400;74;1
3;1000401;44;0
3;1000402;44;1
3;1000403;84;4
3;1000404;83;5
3;1000405;70;5
3;1000406;32;0
3;1000407;66;1
3;1000408;42;0
3;1000409;22;0
3;1000410;49;0
3;1000411;28;0
3;1000412;79;2
3;1000413;56;0
3;1000414;19;3
3;1000415;26;0
3;1000416;81;5
3;1000417;86;1
3;1000418;66;2
3;1000419;42;5
3;1000420;85;2
3;1000421;51;0
3;1000422;56;0
3;1000423;61;5
3;1000424;21;5
3;1000425;43;3
3;1000426;40;3
3;1000427;31;0
3;1000428;28;0
3;1000429;47;0
3;1000430;77;1
3;1000431;70;5
3;1000432;45;4
3;1000433;27;0
3;1000434;80;2
3;1000435;65;0
3;1000436;28;0
3;1000437;46;0
3;1000438;46;0
3;1000439;46;4
3;1000440;51;0
3;1000441;18;0
3;1000442;88;3
3;1000443;66;1
3;1000444;71;3
3;1000445;89;4
3;1000446;52;0
3;1000447;80;2
3;1000448;88;5
3;1000449;84;5
3;1000450;74;4
3;1000451;68;3
3;1000452;49;0
3;1000453;44;3
3;1000454;40;3
3;1000455;74;3
3;1000456;18;0
3;1000457;48;0
3;1000458;61;0
3;1000459;37;3
3;1000460;63;0
3;1000461;87;1
3;1000462;37;0
3;1000463;27;0
3;1000464;88;3
3;1000465;54;0
3;1000466;77;2
3;1000467;77;5
3;1000468;87;2
3;1000469;19;0
3;1000470;66;4
3;1000471;87;5
3;1000472;33;5
3;1000473;85;4
3;1000474;77;2
3;1000475;79;5
3;1000476;71;3
3;1000477;67;4
3;1000478;40;0
3;1000479;63;0
3;1000480;61;0
3;1000481;65;0
3;1000482;24;0
3;1000483;74;2
3;1000484;55;0
3;1000485;30;0
3;1000486;60;0
3;1000487;82;1
3;1000488;26;4
3;1000489;40;0
3;1000490;22;0
3;1000491;33;0
3;1000492;56;0
3;1000493;78;5
3;1000494;21;0
3;1000495;55;5
3;1000496;87;2
3;1000497;35;1
3;1000498;76;4
3;1000499;60;0
3;1000500;26;0
3;1000501;78;2
3;1000502;57;0
3;1000503;60;0
3;1000504;42;3
3;1000505;66;4
3;1000506;38;0
3;1000507;80;1
3;1000508;77;3
3;1000509;27;0
3;1000510;54;0
3;1000511;39;0
3;1000512;58;5
3;1000513;30;0
3;1000514;56;0
3;1000515;71;4
3;1000516;77;2
3;1000517;58;0
3;1000518;48;0
3;1000519;44;0
3;1000520;23;0
3;1000521;27;0
3;1000522;25;0
3;1000523;24;0
3;1000524;81;4
3;1000525;19;0
3;1000526;77;4
3;1000527;52;2
3;1000528;85;5
3;1000529;46;0
3;1000530;69;1
3;1000531;40;0
3;1000532;20;0
3;1000533;45;0
3;1000534;73;2
3;1000535;82;5
3;1000536;67;5
3;1000537;31;4
3;1000538;59;0
3;1000539;45;0
3;1000540;47;0
3;1000541;68;2
3;1000542;45;4
3;1000543;20;0
3;1000544;77;3
3;1000545;84;3
3;1000546;34;0
3;1000547;66;4
3;1000548;39;0
3;1000549;77;3
3;1000550;57;0
3;1000551;70;1
3;1000552;75;5
3;1000553;36;0
3;1000554;41;4
3;1000555;84;1
3;1000556;60;0
3;1000557;45;0
3;1000558;83;4
3;1000559;61;0
3;1000560;28;2
3;1000561;87;3
3;1000562;55;4
3;1000563;49;4
3;1000564;29;0
3;1000565;71;4
3;1000566;46;0
3;1000567;19;0
3;1000568;59;0
3;1000569;65;0
3;1000570;85;5
3;1000571;50;0
3;1000572;25;0
3;1000573;33;0
3;1000574;58;5
3;1000575;79;1
3;1000576;21;0
3;1000577;87;3
3;1000578;81;2
3;1000579;58;0
3;1000580;87;1
3;1000581;78;2
3;1000582;34;1
3;1000583;32;0
3;1000584;80;3
3;1000585;83;1
3;1000586;47;0
3;1000587;46;0
3;1000588;53;0
3;1000589;58;0
3;1000590;73;5
3;1000591;57;0
3;1000592;69;4
3;1000593;65;3
3;1000594;86;3
3;1000595;82;5
3;1000596;48;0
3;1000597;52;2
3;1000598;37;0
3;1000599;32;0
3;1000600;70;5
4;1000601;70;2
4;1000602;54;0
4;1000603;33;0
4;1000604;56;0
4;1000605;65;0
4;1000606;39;3
4;1000607;27;0
4;1000608;42;0
4;1000609;36;0
4;1000610;64;3
4;1000611;52;0
4;1000612;28;0
4;1000613;32;0
4;1000614;61;0
4;1000615;89;4
4;1000616;71;5
4;1000617;38;0
4;1000618;49;0
4;1000619;49;0
4;1000620;74;5
4;1000621;67;1
4;1000622;20;0
4;1000623;75;5
4;1000624;35;0
4;1000625;67;5
4;1000626;64;0
4;1000627;53;0
4;1000628;22;0
4;1000629;24;0
4;1000630;66;5
4;1000631;32;0
4;1000632;34;3
4;1000633;64;0
4;1000634;19;0
4;1000635;63;0
4;1000636;49;0
4;1000637;70;2
4;1000638;78;5
4;1000639;66;4
4;1000640;77;4
4;1000641;41;4
4;1000642;27;0
4;1000643;51;0
4;1000644;31;0
4;1000645;54;0
4;1000646;25;0
4;1000647;58;0
4;1000648;54;0
4;1000649;70;4
4;1000650;47;0
4;1000651;43;0
4;1000652;64;4
4;1000653;21;0
4;1000654;29;5
4;1000655;52;0
4;1000656;21;0
4;1000657;52;0
4;1000658;47;0
4;1000659;71;3
4;1000660;68;2
4;1000661;34;0
4;1000662;19;0
4;1000663;46;0
4;1000664;38;0
4;1000665;72;4
4;1000666;82;5
4;1000667;65;0
4;1000668;40;0
4;1000669;66;4
4;1000670;50;0
4;1000671;39;0
4;1000672;66;4
4;1000673;60;0
4;1000674;30;0
4;1000675;87;3
4;1000676;67;3
4;1000677;65;0
4;1000678;42;5
4;1000679;38;5
4;1000680;27;5
4;1000681;59;0
4;1000682;62;0
4;1000683;78;2
4;1000684;74;1
4;1000685;19;0
4;1000686;18;0
4;1000687;79;5
4;1000688;18;0
4;1000689;41;0
4;1000690;47;0
4;1000691;26;0
4;1000692;86;3
4;1000693;61;0
4;1000694;76;1
4;1000695;57;0
4;1000696;83;2
4;1000697;35;3
4;1000698;74;4
4;1000699;27;0
4;1000700;88;4
4;1000701;44;0
4;1000702;75;3
4;1000703;36;0
4;1000704;54;0
4;1000705;41;0
4;1000706;39;4
4;1000707;66;2
4;1000708;36;0
4;1000709;48;0
4;1000710;23;0
4;1000711;63;0
4;1000712;71;3
4;1000713;75;2
4;1000714;75;3
4;1000715;18;5
4;1000716;46;0
4;1000717;42;0
4;1000718;41;3
4;1000719;30;0
4;1000720;75;1
4;1000721;71;1
4;1000722;37;0
4;1000723;23;0
4;1000724;74;4
4;1000725;53;5
4;1000726;63;0
4;1000727;21;0
4;1000728;45;0
4;1000729;89;2
4;1000730;85;1
4;1000731;68;2
4;1000732;57;0
4;1000733;51;2
4;1000734;46;0
4;1000735;75;1
4;1000736;79;3
4;1000737;81;3
4;1000738;32;0
4;1000739;52;0
4;1000740;32;0
4;1000741;60;0
4;1000742;66;3
4;1000743;27;0
4;1000744;34;0
4;1000745;37;0
4;1000746;52;2
4;1000747;76;3
4;1000748;82;2
4;1000749;21;0
4;1000750;76;4
4;1000751;38;4
4;1000752;87;2
4;1000753;31;0
4;1000754;29;2
4;1000755;44;3
4;1000756;32;0
4;1000757;24;0
4;1000758;78;3
4;1000759;20;0
4;1000760;32;0
4;1000761;29;2
4;1000762;57;1
4;1000763;39;3
4;1000764;24;0
4;1000765;47;0
4;1000766;59;5
4;1000767;19;0
4;1000768;43;0
4;1000769;79;3
4;1000770;33;0
4;1000771;27;3
4;1000772;42;0
4;1000773;89;3
4;1000774;52;0
4;1000775;23;1
4;1000776;27;0
4;1000777;68;3
4;1000778;75;1
4;1000779;83;5
4;1000780;76;3
4;1000781;42;0
4;1000782;53;0
4;1000783;85;5
4;1000784;78;2
4;1000785;49;0
4;1000786;64;0
4;1000787;25;2
4;1000788;27;0
4;1000789;83;1
4;1000790;63;0
4;1000791;81;4
4;1000792;74;3
4;1000793;76;1
4;1000794;69;4
4;1000795;37;0
4;1000796;65;0
4;1000797;32;0
4;1000798;21;0
4;1000799;29;0
4;1000800;87;1
5;1000801;85;2
5;1000802;69;5
5;1000803;54;0
5;1000804;71;4
5;1000805;26;1
5;1000806;77;1
5;1000807;79;4
5;1000808;59;5
5;1000809;65;5
5;1000810;30;0
5;1000811;76;2
5;1000812;27;0
5;1000813;30;0
5;1000814;42;0
5;1000815;42;0
5;1000816;52;0
5;1000817;50;0
5;1000818;45;2
5;1000819;22;0
5;1000820;62;0
5;1000821;81;1
5;1000822;62;0
5;1000823;68;1
5;1000824;76;4
5;1000825;59;0
5;1000826;25;0
5;1000827;75;1
5;1000828;89;3
5;1000829;42;0
5;1000830;73;3
5;1000831;36;0
5;1000832;28;0
5;1000833;61;4
5;1000834;28;0
5;1000835;50;2
5;1000836;61;1
5;1000837;65;0
5;1000838;25;0
5;1000839;23;0
5;1000840;42;0
5;1000841;63;0
5;1000842;43;0
5;1000843;54;2
5;1000844;20;0
5;1000845;27;0
5;1000846;52;0
5;1000847;71;5
5;1000848;83;1
5;1000849;27;0
5;1000850;60;0
5;1000851;24;0
5;1000852;85;1
5;1000853;65;0
5;1000854;78;2
5;1000855;57;3
5;1000856;27;0
5;1000857;74;5
5;1000858;43;0
5;1000859;21;0
5;1000860;53;0
5;1000861;85;4
5;1000862;34;0
5;1000863;85;5
5;1000864;71;1
5;1000865;45;0
5;1000866;56;0
5;1000867;87;4
5;1000868;65;0
5;1000869;38;0
5;1000870;22;0
5;1000871;72;2
5;1000872;35;0
5;1000873;75;2
5;1000874;47;0
5;1000875;29;0
5;1000876;80;2
5;1000877;70;5
5;1000878;55;3
5;1000879;47;5
5;1000880;28;0
5;1000881;82;1
5;1000882;24;0
5;1000883;19;4
5;1000884;58;1
5;1000885;39;0
5;1000886;74;2
5;1000887;87;3
5;1000888;60;0
5;1000889;84;1
5;1000890;82;1
5;1000891;80;5
5;1000892;32;0
5;1000893;54;0
5;1000894;22;0
5;1000895;62;4
5;1000896;40;1
5;1000897;89;2
5;1000898;84;4
5;1000899;34;0
5;1000900;41;0
5;1000901;44;0
5;1000902;62;0
5;1000903;89;1
5;1000904;85;1
5;1000905;49;0
5;1000906;60;0
5;1000907;66;4
5;1000908;67;4
5;1000909;22;0
5;1000910;45;0
5;1000911;51;0
5;1000912;57;0
5;1000913;59;3
5;1000914;55;0
5;1000915;35;0
5;1000916;62;0
5;1000917;21;1
5;1000918;66;2
5;1000919;24;0
5;1000920;71;5
5;1000921;58;5
5;1000922;29;0
5;1000923;80;4
5;1000924;39;3
5;1000925;77;1
5;1000926;51;0
5;1000927;52;0
5;1000928;27;0
5;1000929;70;4
5;1000930;67;5
5;1000931;75;5
5;1000932;78;4
5;1000933;74;3
5;1000934;75;2
5;1000935;26;0
5;1000936;26;0
5;1000937;42;5
5;1000938;75;4
5;1000939;45;0
5;1000940;89;3
5;1000941;23;1
5;1000942;76;3
5;1000943;86;3
5;1000944;60;0
5;1000945;85;1
5;1000946;58;0
5;1000947;82;4
5;1000948;82;3
5;1000949;49;0
5;1000950;74;3
5;1000951;70;2
5;1000952;66;3
5;1000953;24;0
5;1000954;21;0
5;1000955;85;3
5;1000956;29;0
5;1000957;38;1
5;1000958;64;0
5;1000959;82;1
5;1000960;71;3
5;1000961;84;1
5;1000962;20;0
5;1000963;76;3
5;1000964;66;1
5;1000965;52;4
5;1000966;76;5
5;1000967;28;0
5;1000968;53;0
5;1000969;48;0
5;1000970;59;0
5;1000971;51;0
5;1000972;48;0
5;1000973;74;1
5;1000974;41;0
5;1000975;31;4
5;1000976;34;0
5;1000977;63;0
5;1000978;38;0
5;1000979;55;0
5;1000980;83;2
5;1000981;51;0
5;1000982;33;0
5;1000983;36;0
5;1000984;25;0
5;1000985;87;5
5;1000986;50;0
5;1000987;25;0
5;1000988;71;1
5;1000989;35;2
5;1000990;49;5
5;1000991;46;0
5;1000992;67;3
5;1000993;72;1
5;1000994;77;1
5;1000995;73;3
5;1000996;81;1
5;1000997;18;0
5;1000998;53;0
5;1000999;62;0
